Namespace(attSize=1024, batch_size=64, beta1=0.5, class_embedding='att', classifier_lr=0.001, cls_weight=0.1, critic_iter=5, cuda=True, dataroot='/data0/docker/xingyun/f_xGAN/data', dataset='FLO', drop_rate=0.3, gzsl=False, image_embedding='res101', lambda1=10.0, lr=0.0001, manualSeed=806, matdataset=True, nclass_all=200, ndh=4096, nepoch=100, netD='', netD_name='MLP_CRITIC', netG='', netG_name='MLP_G', ngh=4096, ngpu=1, nrh=4096, nrh1=1024, nrh2=512, nrh3=312, nrh4=156, nz=1024, outf='./checkpoint/', outname='flowers', preprocessing=True, pretrain_classifier='', print_every=1, r_iteration=3, r_path='/home/xingyun/docker/cycle_clsgan/r_param/', r_weight=1, resSize=2048, save_every=100, standardization=False, start_epoch=0, syn_num=300, val_every=1, validation=False, workers=2)
Random Seed:  806
# of training samples:  5631
MLP_G(
  (fc1): Linear(in_features=2048, out_features=4096)
  (fc2): Linear(in_features=4096, out_features=2048)
  (lrelu): LeakyReLU(0.2, inplace)
  (relu): ReLU(inplace)
)
MLP_CRITIC(
  (fc1): Linear(in_features=3072, out_features=4096)
  (fc2): Linear(in_features=4096, out_features=1)
  (lrelu): LeakyReLU(0.2, inplace)
)
MLP_1HL_Dropout_R(
  (fc1): Linear(in_features=2048, out_features=4096)
  (fc2): Linear(in_features=4096, out_features=1024)
  (lrelu): LeakyReLU(0.2, inplace)
  (relu): ReLU(inplace)
  (dropout): Dropout(p=0.3)
)
epoch lossG lossD lossR wDistance c_errG acc
0 -2.3983 -0.8845 0.0000 2.4896 4.9094
unseen_class_acc=  0.18998041874729096
1 -2.6947 -0.7555 0.0000 2.8442 4.3357
unseen_class_acc=  0.20146958297118545
2 -2.9310 -0.7042 0.0000 3.1043 4.0503
unseen_class_acc=  0.24759225090965628
3 -3.0830 -0.5324 0.0000 3.2906 3.9254
unseen_class_acc=  0.29054618841037155
4 -3.0460 -0.2989 0.0000 3.2440 3.6431
unseen_class_acc=  0.32294907635077835
5 -3.0874 -0.1914 0.0000 3.2946 3.5334
unseen_class_acc=  0.3989356361329556
6 -2.9280 0.1055 0.0000 3.1072 3.5267
unseen_class_acc=  0.4015855516307056
7 -2.9561 0.3174 0.0000 3.1164 3.3437
unseen_class_acc=  0.38144625891000034
8 -2.8985 0.4221 0.0000 3.0846 2.8801
unseen_class_acc=  0.4394245103467256
9 -2.7133 0.6737 0.0000 2.8865 2.8942
unseen_class_acc=  0.42497290824539957
10 -2.7735 0.7512 0.0000 2.9321 2.5241
unseen_class_acc=  0.4238676393404603
11 -2.7055 0.9226 0.0000 2.8648 2.5260
unseen_class_acc=  0.45326339080929756
12 -2.6520 1.1904 0.0000 2.7883 2.9952
unseen_class_acc=  0.4487357627600431
13 -2.4244 1.3608 0.0000 2.5807 2.0530
unseen_class_acc=  0.4344616699963808
14 -2.4324 1.5769 0.0000 2.5519 2.2252
unseen_class_acc=  0.4681941371411085
15 -2.4119 1.7725 0.0000 2.5424 2.0643
unseen_class_acc=  0.4739484738558531
16 -2.2503 1.9206 0.0000 2.3621 2.4773
unseen_class_acc=  0.45158189684152605
17 -2.3896 1.9657 0.0000 2.5402 2.2755
unseen_class_acc=  0.4923985511064529
18 -2.2513 2.1178 0.0000 2.3842 2.2093
unseen_class_acc=  0.5108379021286964
19 -2.1300 2.1658 0.0000 2.2362 2.1362
unseen_class_acc=  0.5211855381727218
20 -2.1630 2.1674 0.0000 2.2438 1.7893
unseen_class_acc=  0.5216346725821495
21 -2.0275 2.1926 0.0000 2.1400 1.9656
unseen_class_acc=  0.543668182939291
22 -1.9326 2.1534 0.0000 2.0482 1.8973
unseen_class_acc=  0.5239408284425735
23 -1.9715 2.0958 0.0000 2.0547 1.6314
unseen_class_acc=  0.5449511904269457
24 -1.8786 2.0231 0.0000 1.9686 1.7171
unseen_class_acc=  0.556075532734394
25 -1.9102 1.9949 0.0000 1.9874 1.8838
unseen_class_acc=  0.5461569357663393
26 -1.9307 1.9175 0.0000 2.0410 1.8056
unseen_class_acc=  0.5647084534168243
27 -1.7106 1.8273 0.0000 1.8078 1.2205
unseen_class_acc=  0.5508101936429739
28 -1.7980 1.6880 0.0000 1.8877 1.3387
unseen_class_acc=  0.5465087931603193
29 -1.7057 1.7586 0.0000 1.8040 1.6157
unseen_class_acc=  0.5424470275640487
30 -1.6868 1.5214 0.0000 1.7698 1.4499
unseen_class_acc=  0.5554545649327338
31 -1.7258 1.5562 0.0000 1.8147 1.5625
unseen_class_acc=  0.5626930486410856
32 -1.7242 1.4483 0.0000 1.8167 1.3403
unseen_class_acc=  0.5491413893178105
33 -1.5506 1.4005 0.0000 1.6193 1.3969
unseen_class_acc=  0.5810841076076031
34 -1.6308 1.2916 0.0000 1.7254 1.6146
unseen_class_acc=  0.5787724602967501
35 -1.5124 1.0099 0.0000 1.6102 1.5187
unseen_class_acc=  0.5755924370139838
36 -1.5563 1.2066 0.0000 1.6354 1.3366
unseen_class_acc=  0.5812605966813862
37 -1.4547 0.9655 0.0000 1.5370 1.3377
unseen_class_acc=  0.5635086965747178
38 -1.4541 1.2332 0.0000 1.5405 1.4933
unseen_class_acc=  0.5984710767865181
39 -1.3460 0.7939 0.0000 1.4223 1.2160
unseen_class_acc=  0.5715346299111843
40 -1.4311 0.8114 0.0000 1.5114 1.6788
unseen_class_acc=  0.6116219192743302
41 -1.5297 0.8170 0.0000 1.6033 1.1625
unseen_class_acc=  0.5952183246612549
42 -1.3466 0.8716 0.0000 1.4213 1.1804
unseen_class_acc=  0.5988158423453569
43 -1.3398 0.7822 0.0000 1.4183 1.1966
unseen_class_acc=  0.5858706168830394
44 -1.2358 0.8203 0.0000 1.3236 1.5184
unseen_class_acc=  0.5921054631471634
45 -1.3270 0.5112 0.0000 1.4054 1.2678
unseen_class_acc=  0.6035548333078623
46 -1.4569 0.6932 0.0000 1.5327 1.1906
unseen_class_acc=  0.5948304079473019
47 -1.2726 0.7735 0.0000 1.3551 1.2411
unseen_class_acc=  0.592653252184391
48 -1.2764 0.5931 0.0000 1.3520 1.0996
unseen_class_acc=  0.5992390610277653
49 -1.2721 0.5145 0.0000 1.3592 1.4595
unseen_class_acc=  0.5941730864346028
50 -1.3281 0.5214 0.0000 1.4048 1.1613
unseen_class_acc=  0.6141310270875693
51 -1.2770 0.6056 0.0000 1.3447 1.0671
unseen_class_acc=  0.5966527506709098
52 -1.3099 0.7871 0.0000 1.4204 1.1183
unseen_class_acc=  0.6249671630561352
53 -1.2822 0.7168 0.0000 1.3559 1.0542
unseen_class_acc=  0.6217442989349365
54 -1.1883 0.5157 0.0000 1.2505 1.2764
unseen_class_acc=  0.6042645113542676
55 -1.3882 0.6165 0.0000 1.4679 1.0802
unseen_class_acc=  0.6022054687142372
56 -1.2219 0.7138 0.0000 1.2843 1.1770
unseen_class_acc=  0.6131954656913876
57 -1.3248 0.6396 0.0000 1.3989 1.1220
unseen_class_acc=  0.605270329862833
58 -1.3716 0.5380 0.0000 1.4581 1.0665
unseen_class_acc=  0.6214453525841236
59 -1.4164 0.7266 0.0000 1.5077 1.1706
unseen_class_acc=  0.596760718896985
60 -1.3487 0.5443 0.0000 1.4418 1.0640
unseen_class_acc=  0.6282168213278055
61 -1.3300 0.8273 0.0000 1.4059 1.1686
unseen_class_acc=  0.6170888986438513
62 -1.1856 0.7588 0.0000 1.2576 0.9503
unseen_class_acc=  0.5868106264621019
63 -1.4513 0.6639 0.0000 1.5642 0.9997
unseen_class_acc=  0.6241097250953317
64 -1.2136 0.6403 0.0000 1.2676 1.0760
unseen_class_acc=  0.6490711772814393
65 -1.1910 0.6398 0.0000 1.2616 1.0690
unseen_class_acc=  0.6262263603508472
66 -1.2703 0.7039 0.0000 1.3346 1.2848
unseen_class_acc=  0.6226300928741694
67 -1.2678 0.5965 0.0000 1.3238 0.9621
unseen_class_acc=  0.633741227723658
68 -1.2662 0.6793 0.0000 1.3556 1.0107
unseen_class_acc=  0.6305693909525871
69 -1.2973 0.8511 0.0000 1.3803 0.7622
unseen_class_acc=  0.6145499039441347
70 -1.3916 0.7439 0.0000 1.4590 0.8443
unseen_class_acc=  0.6204915646463632
71 -1.2820 0.6430 0.0000 1.3473 0.7966
unseen_class_acc=  0.6534286645241082
72 -1.2499 0.6881 0.0000 1.3051 1.0268
unseen_class_acc=  0.6333252036944031
73 -1.2976 0.5933 0.0000 1.3791 0.7142
unseen_class_acc=  0.6346860900521278
74 -1.2659 0.7638 0.0000 1.3290 0.8967
unseen_class_acc=  0.6277127269655466
75 -1.2132 0.7773 0.0000 1.2658 0.9125
unseen_class_acc=  0.6332249151542783
76 -1.1819 0.6947 0.0000 1.2509 0.7968
unseen_class_acc=  0.6290498033165932
77 -1.1681 0.7429 0.0000 1.2364 0.7994
unseen_class_acc=  0.6222379174083471
78 -1.1729 0.9589 0.0000 1.2340 1.1642
unseen_class_acc=  0.6243012251332403
79 -1.1912 0.8475 0.0000 1.2641 0.7584
unseen_class_acc=  0.6279027570039034
80 -1.2257 1.0311 0.0000 1.3009 0.7320
unseen_class_acc=  0.6421290849335491
81 -1.2391 0.9842 0.0000 1.3154 1.0419
unseen_class_acc=  0.6421555619686842
82 -1.3555 0.9845 0.0000 1.4357 1.0163
unseen_class_acc=  0.6384073967114091
83 -1.2170 0.9837 0.0000 1.2855 1.0055
unseen_class_acc=  0.6222296187654137
84 -1.3097 1.1201 0.0000 1.3886 0.8927
unseen_class_acc=  0.6381061512976884
85 -1.1828 1.1877 0.0000 1.2386 0.7949
unseen_class_acc=  0.6172061562538147
86 -1.3345 0.8641 0.0000 1.4112 0.8652
unseen_class_acc=  0.6398856773972511
87 -1.1761 0.9618 0.0000 1.2681 0.7681
unseen_class_acc=  0.6521393790841102
88 -1.1420 0.6854 0.0000 1.1915 0.8927
unseen_class_acc=  0.6164104953408241
89 -1.2897 1.5067 0.0000 1.3782 0.5969
unseen_class_acc=  0.630866228044033
90 -1.1152 1.3162 0.0000 1.1651 0.4821
unseen_class_acc=  0.6175358477979899
91 -1.1360 0.9339 0.0000 1.1893 0.7601
unseen_class_acc=  0.6420020014047623
92 -1.3349 1.3586 0.0000 1.4122 0.7456
unseen_class_acc=  0.5995169740170241
93 -1.1840 1.2979 0.0000 1.2397 0.5565
unseen_class_acc=  0.6468189686536789
94 -1.1843 1.2254 0.0000 1.2522 0.5748
unseen_class_acc=  0.6285029575228691
95 -1.2518 0.8422 0.0000 1.3280 0.7046
unseen_class_acc=  0.5907411213964224
96 -1.2214 1.2316 0.0000 1.2811 0.7774
unseen_class_acc=  0.6309080924838781
97 -1.1815 1.0467 0.0000 1.2358 0.5217
unseen_class_acc=  0.628016871586442
98 -1.2175 0.9262 0.0000 1.2864 0.7471
unseen_class_acc=  0.6655641794204712
99 -1.2108 1.5377 0.0000 1.2840 0.8835
unseen_class_acc=  0.626985389366746
