Namespace(attSize=1024, batch_size=64, beta1=0.5, class_embedding='att', classifier_lr=0.001, cls_weight=0.1, critic_iter=5, cuda=True, dataroot='/data0/docker/xingyun/f_xGAN/data', dataset='FLO', drop_rate=0.8, gzsl=False, image_embedding='res101', lambda1=10.0, lr=0.0001, manualSeed=806, matdataset=True, nclass_all=200, ndh=4096, nepoch=100, netD='', netD_name='MLP_CRITIC', netG='', netG_name='MLP_G', ngh=4096, ngpu=1, nrh=4096, nrh1=1024, nrh2=512, nrh3=312, nrh4=156, nz=1024, outf='./checkpoint/', outname='flowers', preprocessing=True, pretrain_classifier='', print_every=1, r_iteration=3, r_path='/home/xingyun/docker/cycle_clsgan/r_param/', r_weight=1, resSize=2048, save_every=100, standardization=False, start_epoch=0, syn_num=300, val_every=1, validation=False, workers=2)
Random Seed:  806
# of training samples:  5631
MLP_G(
  (fc1): Linear(in_features=2048, out_features=4096)
  (fc2): Linear(in_features=4096, out_features=2048)
  (lrelu): LeakyReLU(0.2, inplace)
  (relu): ReLU(inplace)
)
MLP_CRITIC(
  (fc1): Linear(in_features=3072, out_features=4096)
  (fc2): Linear(in_features=4096, out_features=1)
  (lrelu): LeakyReLU(0.2, inplace)
)
MLP_1HL_Dropout_R(
  (fc1): Linear(in_features=2048, out_features=4096)
  (fc2): Linear(in_features=4096, out_features=1024)
  (lrelu): LeakyReLU(0.2, inplace)
  (relu): ReLU(inplace)
  (dropout): Dropout(p=0.8)
)
epoch lossG lossD lossR wDistance c_errG acc
0 -2.3987 -0.8877 0.0003 2.4911 4.9125
unseen_class_acc=  0.19141522184945642
1 -2.6955 -0.7654 0.0030 2.8419 4.3447
unseen_class_acc=  0.20358767164871097
2 -2.9196 -0.7078 0.0051 3.0910 4.0605
unseen_class_acc=  0.251747409068048
3 -3.0821 -0.5257 0.0160 3.2930 3.9131
unseen_class_acc=  0.28672106652520596
4 -3.0385 -0.2841 0.0728 3.2380 3.6792
unseen_class_acc=  0.31755147809162737
5 -3.0871 -0.1801 0.1875 3.2821 3.4985
unseen_class_acc=  0.3924425901845098
6 -2.9245 0.1156 0.2620 3.0973 3.5028
unseen_class_acc=  0.3934822958894074
7 -2.9511 0.3627 0.2882 3.1345 3.3364
unseen_class_acc=  0.38793754363432525
8 -2.9182 0.4073 0.3033 3.0984 2.8793
unseen_class_acc=  0.43985123056918385
9 -2.7121 0.6513 0.3076 2.8818 2.9075
unseen_class_acc=  0.416584298806265
10 -2.7781 0.7410 0.3209 2.9349 2.4988
unseen_class_acc=  0.4088295729830861
11 -2.6979 0.9097 0.3252 2.8467 2.5152
unseen_class_acc=  0.44340011440217497
12 -2.6492 1.1644 0.3240 2.7859 2.9366
unseen_class_acc=  0.4386166360229254
13 -2.4163 1.3135 0.3304 2.5665 2.0201
unseen_class_acc=  0.42923443056643007
14 -2.4316 1.5392 0.3316 2.5466 2.1648
unseen_class_acc=  0.4539408128708601
15 -2.4359 1.7259 0.3363 2.5561 2.1189
unseen_class_acc=  0.4589595917612314
16 -2.2598 1.8856 0.3411 2.3706 2.4006
unseen_class_acc=  0.4479582004249096
17 -2.3936 1.9983 0.3433 2.5443 2.2669
unseen_class_acc=  0.47819980457425115
18 -2.2609 2.1552 0.3483 2.3944 2.1020
unseen_class_acc=  0.49093711748719215
19 -2.1548 2.1498 0.3473 2.2604 2.0268
unseen_class_acc=  0.5130056135356427
20 -2.1759 2.2030 0.3507 2.2598 1.7151
unseen_class_acc=  0.5191108882427216
21 -2.0378 2.2217 0.3460 2.1460 1.8999
unseen_class_acc=  0.5434536017477513
22 -1.9423 2.2303 0.3454 2.0611 1.9194
unseen_class_acc=  0.5275642342865468
23 -1.9802 2.2042 0.3531 2.0705 1.5147
unseen_class_acc=  0.5372266516089439
24 -1.8870 2.1761 0.3540 1.9801 1.6363
unseen_class_acc=  0.5568887010216713
25 -1.9134 2.1292 0.3552 1.9972 1.9281
unseen_class_acc=  0.5357638739049435
26 -1.9303 2.1164 0.3563 2.0357 1.6914
unseen_class_acc=  0.5540817886590957
27 -1.7298 2.0831 0.3569 1.8366 1.1707
unseen_class_acc=  0.5482248511165381
28 -1.8053 1.9767 0.3591 1.9001 1.2835
unseen_class_acc=  0.5529666047543287
29 -1.7191 2.0760 0.3623 1.8207 1.4700
unseen_class_acc=  0.5493720076978207
30 -1.6901 1.8709 0.3600 1.7694 1.2993
unseen_class_acc=  0.5585222840309143
31 -1.7247 1.9395 0.3565 1.8110 1.5634
unseen_class_acc=  0.5518692992627621
32 -1.7219 1.8569 0.3628 1.8280 1.2388
unseen_class_acc=  0.5562361683696508
33 -1.5678 1.8482 0.3618 1.6334 1.4006
unseen_class_acc=  0.5748495765030384
34 -1.6362 1.8672 0.3676 1.7231 1.5372
unseen_class_acc=  0.570727352425456
35 -1.5096 1.5289 0.3679 1.6064 1.4987
unseen_class_acc=  0.576580748707056
36 -1.5452 1.7512 0.3702 1.6189 1.2159
unseen_class_acc=  0.5703567134216427
37 -1.4660 1.5374 0.3714 1.5496 1.2511
unseen_class_acc=  0.5523655166849494
38 -1.4713 1.9972 0.3756 1.5507 1.4203
unseen_class_acc=  0.5997760772705079
39 -1.3549 1.4771 0.3801 1.4280 1.1217
unseen_class_acc=  0.5751690395176411
40 -1.4317 1.5307 0.3799 1.5021 1.5686
unseen_class_acc=  0.6165683880448342
41 -1.5450 1.4301 0.3814 1.6236 1.0776
unseen_class_acc=  0.6066978756338358
42 -1.3695 1.6012 0.3839 1.4492 1.3089
unseen_class_acc=  0.5853642575442791
43 -1.3401 1.5087 0.3794 1.4132 1.2636
unseen_class_acc=  0.5899595879018307
44 -1.2358 1.4981 0.3823 1.3317 1.4208
unseen_class_acc=  0.5999768532812595
45 -1.3547 1.2363 0.3844 1.4422 1.1184
unseen_class_acc=  0.6064570758491754
46 -1.4221 1.3547 0.3849 1.5033 1.0955
unseen_class_acc=  0.6114016462117433
47 -1.2976 1.5019 0.3878 1.3803 1.2906
unseen_class_acc=  0.5941664341837167
48 -1.2858 1.3247 0.3871 1.3644 1.1096
unseen_class_acc=  0.6093562114983797
49 -1.3002 1.1931 0.3827 1.3729 1.3763
unseen_class_acc=  0.5932792942970991
50 -1.3352 1.2536 0.3895 1.3993 1.0789
unseen_class_acc=  0.6053413543850183
51 -1.2903 1.3348 0.3891 1.3501 0.9362
unseen_class_acc=  0.5978545233607292
52 -1.3015 1.5575 0.3921 1.3960 1.1348
unseen_class_acc=  0.622494264319539
53 -1.3107 1.5233 0.3924 1.3777 1.0542
unseen_class_acc=  0.6177618253976107
54 -1.2053 1.2998 0.3907 1.2720 1.2502
unseen_class_acc=  0.6065860630944371
55 -1.3872 1.4398 0.3943 1.4685 1.0693
unseen_class_acc=  0.6076445499435067
56 -1.2229 1.5576 0.3941 1.2902 1.0524
unseen_class_acc=  0.6145425202324987
57 -1.3490 1.5039 0.3943 1.4337 0.9314
unseen_class_acc=  0.6069896908476948
58 -1.3910 1.3056 0.3959 1.4760 1.0147
unseen_class_acc=  0.6230334389954806
59 -1.4203 1.5795 0.3982 1.5127 1.1327
unseen_class_acc=  0.6102123688906431
60 -1.3507 1.3429 0.4007 1.4344 0.9107
unseen_class_acc=  0.6150160104036331
61 -1.3033 1.6823 0.3987 1.3807 1.1225
unseen_class_acc=  0.6168922860175371
62 -1.1836 1.4797 0.4010 1.2451 0.9798
unseen_class_acc=  0.6031494278460741
63 -1.4709 1.5502 0.4039 1.5652 0.9393
unseen_class_acc=  0.6231325352564454
64 -1.2059 1.5299 0.4043 1.2644 1.0646
unseen_class_acc=  0.6456207478418946
65 -1.1880 1.5894 0.4056 1.2498 1.0819
unseen_class_acc=  0.631630028039217
66 -1.2764 1.5942 0.4054 1.3398 0.9879
unseen_class_acc=  0.6144530240446329
67 -1.2654 1.5041 0.4050 1.3285 0.7996
unseen_class_acc=  0.6437949562445283
68 -1.2765 1.6315 0.4096 1.3581 0.8996
unseen_class_acc=  0.6328092608600855
69 -1.3356 1.8064 0.4112 1.3958 0.8853
unseen_class_acc=  0.620652062818408
70 -1.3810 1.6312 0.4103 1.4505 0.8379
unseen_class_acc=  0.6310461197048426
71 -1.2735 1.6420 0.4098 1.3516 0.6884
unseen_class_acc=  0.6485027868300677
72 -1.2843 1.6937 0.4141 1.3472 0.8472
unseen_class_acc=  0.6197012573480606
73 -1.3121 1.5490 0.4146 1.3848 0.7281
unseen_class_acc=  0.628236711025238
74 -1.2773 1.6158 0.4129 1.3343 0.8201
unseen_class_acc=  0.6355467516928911
75 -1.1887 1.8452 0.4142 1.2521 0.8314
unseen_class_acc=  0.6327893691137433
76 -1.1729 1.5832 0.4167 1.2355 0.8494
unseen_class_acc=  0.6170117571949959
77 -1.1480 1.7750 0.4173 1.2289 0.7297
unseen_class_acc=  0.6322830226272345
78 -1.1538 1.9564 0.4222 1.2101 1.0408
unseen_class_acc=  0.6302759217098355
79 -1.2001 1.8365 0.4232 1.2672 0.8233
unseen_class_acc=  0.6292659360915422
80 -1.2783 2.0092 0.4272 1.3467 0.6752
unseen_class_acc=  0.6355896388180554
81 -1.2237 1.9831 0.4288 1.2949 0.9853
unseen_class_acc=  0.6260952305048704
82 -1.3010 1.8932 0.4296 1.3755 0.9337
unseen_class_acc=  0.6373453602194786
83 -1.1984 2.0053 0.4321 1.2719 0.9994
unseen_class_acc=  0.6211840093135834
84 -1.2859 2.0629 0.4320 1.3622 0.7828
unseen_class_acc=  0.6433476198464632
85 -1.1980 2.1750 0.4362 1.2547 0.6305
unseen_class_acc=  0.6386243667453527
86 -1.3251 1.7692 0.4370 1.4042 0.9103
unseen_class_acc=  0.638497394323349
87 -1.1759 1.8023 0.4368 1.2412 0.7338
unseen_class_acc=  0.6512616142630577
88 -1.1842 1.6558 0.4359 1.2323 0.8864
unseen_class_acc=  0.623175956774503
89 -1.2815 2.2453 0.4520 1.3653 0.6708
unseen_class_acc=  0.6339121494442225
90 -1.1278 2.2181 0.4540 1.1883 0.5296
unseen_class_acc=  0.6230715785175562
91 -1.1114 1.8479 0.4507 1.1643 0.6332
unseen_class_acc=  0.6308597981929779
92 -1.3218 2.2486 0.4592 1.3911 0.7294
unseen_class_acc=  0.597538473829627
93 -1.1806 2.1649 0.4604 1.2470 0.5223
unseen_class_acc=  0.6151295851916074
94 -1.1736 2.2439 0.4582 1.2511 0.5822
unseen_class_acc=  0.6170797184109688
95 -1.2613 2.0021 0.4595 1.3359 0.6742
unseen_class_acc=  0.6025549814105033
96 -1.1688 2.3337 0.4610 1.2187 0.7618
unseen_class_acc=  0.6323921848088503
97 -1.2130 2.0796 0.4596 1.2644 0.5457
unseen_class_acc=  0.6242658194154501
98 -1.2432 2.0392 0.4595 1.3065 0.4617
unseen_class_acc=  0.6458960110321641
99 -1.1951 2.4861 0.4655 1.2735 0.8519
unseen_class_acc=  0.6301902092993259
