Namespace(attSize=1024, batch_size=64, beta1=0.5, class_embedding='att', classifier_lr=0.001, cls_weight=0.1, critic_iter=5, cuda=True, dataroot='/data0/docker/xingyun/f_xGAN/data', dataset='FLO', drop_rate=0.9, gzsl=False, image_embedding='res101', lambda1=10.0, lr=0.0001, manualSeed=806, matdataset=True, nclass_all=200, ndh=4096, nepoch=100, netD='', netD_name='MLP_CRITIC', netG='', netG_name='MLP_G', ngh=4096, ngpu=1, nrh=4096, nrh1=1024, nrh2=512, nrh3=312, nrh4=156, nz=1024, outf='./checkpoint/', outname='flowers', preprocessing=True, pretrain_classifier='', print_every=1, r_iteration=3, r_path='/home/xingyun/docker/cycle_clsgan/r_param/', r_weight=1, resSize=2048, save_every=100, standardization=False, start_epoch=0, syn_num=300, val_every=1, validation=False, workers=2)
Random Seed:  806
# of training samples:  5631
MLP_G(
  (fc1): Linear(in_features=2048, out_features=4096)
  (fc2): Linear(in_features=4096, out_features=2048)
  (lrelu): LeakyReLU(0.2, inplace)
  (relu): ReLU(inplace)
)
MLP_CRITIC(
  (fc1): Linear(in_features=3072, out_features=4096)
  (fc2): Linear(in_features=4096, out_features=1)
  (lrelu): LeakyReLU(0.2, inplace)
)
MLP_1HL_Dropout_R(
  (fc1): Linear(in_features=2048, out_features=4096)
  (fc2): Linear(in_features=4096, out_features=1024)
  (lrelu): LeakyReLU(0.2, inplace)
  (relu): ReLU(inplace)
  (dropout): Dropout(p=0.9)
)
epoch lossG lossD lossR wDistance c_errG acc
0 -2.3976 -0.8815 0.0129 2.4898 4.9169
unseen_class_acc=  0.1887652561534196
1 -2.6953 -0.7594 0.0281 2.8445 4.3394
unseen_class_acc=  0.20147399618290365
2 -2.9148 -0.7054 0.0690 3.0868 4.0535
unseen_class_acc=  0.2447313478216529
3 -3.0818 -0.5311 0.1481 3.2816 3.9385
unseen_class_acc=  0.2884344889316708
4 -3.0423 -0.3075 0.2412 3.2485 3.6684
unseen_class_acc=  0.31526418728753924
5 -3.1052 -0.1712 0.2763 3.2962 3.4910
unseen_class_acc=  0.3973377527669072
6 -2.9279 0.1242 0.2962 3.1016 3.5076
unseen_class_acc=  0.3904895610176027
7 -2.9616 0.3738 0.3044 3.1335 3.3311
unseen_class_acc=  0.38468626430258157
8 -2.9040 0.4554 0.3176 3.0813 2.8722
unseen_class_acc=  0.43795350659638643
9 -2.7014 0.7167 0.3206 2.8747 2.9159
unseen_class_acc=  0.4297993883956224
10 -2.7740 0.8523 0.3286 2.9337 2.4575
unseen_class_acc=  0.42511544544249774
11 -2.6955 1.0036 0.3292 2.8446 2.4776
unseen_class_acc=  0.45193693600595
12 -2.6442 1.2472 0.3272 2.7826 2.9375
unseen_class_acc=  0.43846692256629466
13 -2.3987 1.4042 0.3356 2.5525 2.0160
unseen_class_acc=  0.4433755438774824
14 -2.4366 1.5746 0.3359 2.5553 2.2047
unseen_class_acc=  0.46784493885934353
15 -2.4272 1.7348 0.3373 2.5542 2.0803
unseen_class_acc=  0.4677202124148607
16 -2.2585 1.8916 0.3424 2.3714 2.4780
unseen_class_acc=  0.4454058941453695
17 -2.3886 2.0025 0.3442 2.5363 2.3528
unseen_class_acc=  0.4833936899900436
18 -2.2723 2.0740 0.3508 2.4050 2.0812
unseen_class_acc=  0.5062524415552616
19 -2.1374 2.1106 0.3523 2.2471 2.1751
unseen_class_acc=  0.5295661948621273
20 -2.1798 2.0978 0.3503 2.2569 1.7329
unseen_class_acc=  0.5248257458209992
21 -2.0404 2.0830 0.3475 2.1522 1.8496
unseen_class_acc=  0.5542048208415509
22 -1.9469 2.0976 0.3440 2.0578 1.8519
unseen_class_acc=  0.5285584524273872
23 -1.9679 2.0255 0.3491 2.0481 1.5657
unseen_class_acc=  0.5561839953064919
24 -1.8848 1.9578 0.3564 1.9744 1.7153
unseen_class_acc=  0.5601906180381775
25 -1.9089 1.9195 0.3559 1.9921 1.8787
unseen_class_acc=  0.5463431566953659
26 -1.9227 1.8530 0.3596 2.0237 1.6522
unseen_class_acc=  0.5664380826056004
27 -1.7168 1.7790 0.3582 1.8172 1.1602
unseen_class_acc=  0.5519671499729156
28 -1.8048 1.7129 0.3579 1.8955 1.3602
unseen_class_acc=  0.5505076378583909
29 -1.7153 1.7309 0.3618 1.8188 1.5287
unseen_class_acc=  0.5574343644082547
30 -1.6864 1.4573 0.3618 1.7731 1.2950
unseen_class_acc=  0.5590724365785718
31 -1.7252 1.5127 0.3585 1.8085 1.5622
unseen_class_acc=  0.5627217333763838
32 -1.7100 1.4172 0.3625 1.8112 1.2864
unseen_class_acc=  0.5590831425040961
33 -1.5588 1.3871 0.3614 1.6254 1.3972
unseen_class_acc=  0.5860301002860069
34 -1.6238 1.3136 0.3676 1.7132 1.6131
unseen_class_acc=  0.5776342127472163
35 -1.5207 1.0168 0.3692 1.6119 1.4573
unseen_class_acc=  0.5804112859070301
36 -1.5544 1.2476 0.3674 1.6216 1.2688
unseen_class_acc=  0.5724823509342969
37 -1.4584 0.9525 0.3708 1.5369 1.3482
unseen_class_acc=  0.5738582272082567
38 -1.4515 1.2317 0.3749 1.5273 1.4049
unseen_class_acc=  0.5960999265313148
39 -1.3339 0.8064 0.3766 1.4126 1.1912
unseen_class_acc=  0.5722510524094104
40 -1.4189 0.8521 0.3776 1.4786 1.6694
unseen_class_acc=  0.6033415887504816
41 -1.5386 0.8401 0.3774 1.6109 1.1336
unseen_class_acc=  0.5980103075504303
42 -1.3379 0.9764 0.3802 1.4124 1.1836
unseen_class_acc=  0.5908458240330219
43 -1.3368 0.8965 0.3782 1.4090 1.2271
unseen_class_acc=  0.5868001393973827
44 -1.2387 0.9856 0.3798 1.3287 1.4477
unseen_class_acc=  0.5883917085826397
45 -1.3415 0.5985 0.3843 1.4226 1.1524
unseen_class_acc=  0.600322999060154
46 -1.4485 0.7547 0.3866 1.5218 1.0875
unseen_class_acc=  0.6045843154191971
47 -1.2907 0.8703 0.3881 1.3546 1.1860
unseen_class_acc=  0.5810739636421204
48 -1.2759 0.6504 0.3853 1.3540 1.1049
unseen_class_acc=  0.6121922347694635
49 -1.2583 0.6252 0.3843 1.3438 1.2409
unseen_class_acc=  0.6085151078179478
50 -1.3329 0.7002 0.3877 1.4049 1.1130
unseen_class_acc=  0.620145438797772
51 -1.2730 0.8075 0.3856 1.3325 1.1571
unseen_class_acc=  0.5947739131748676
52 -1.3053 0.9271 0.3889 1.4052 1.0484
unseen_class_acc=  0.6264339204877615
53 -1.3174 0.9265 0.3920 1.3783 0.9054
unseen_class_acc=  0.6064362496137619
54 -1.1846 0.7424 0.3881 1.2410 1.1903
unseen_class_acc=  0.5993892656639218
55 -1.3906 0.7395 0.3902 1.4651 1.0698
unseen_class_acc=  0.5965819761157036
56 -1.2219 0.8274 0.3919 1.2937 1.0796
unseen_class_acc=  0.6178250493481755
57 -1.3345 0.6431 0.3901 1.3957 1.0335
unseen_class_acc=  0.6149047430604696
58 -1.3444 0.6403 0.3946 1.4231 1.0561
unseen_class_acc=  0.6146365828812123
59 -1.3608 0.8427 0.3950 1.4547 1.1591
unseen_class_acc=  0.6126499500125646
60 -1.3154 0.6721 0.3973 1.4016 1.0249
unseen_class_acc=  0.6172657117247582
61 -1.3130 0.8457 0.4053 1.3960 0.9964
unseen_class_acc=  0.6143675934523344
62 -1.1712 0.8703 0.4071 1.2356 1.0038
unseen_class_acc=  0.6028911404311657
63 -1.4367 0.8384 0.4090 1.5451 0.9426
unseen_class_acc=  0.6182202053256333
64 -1.2208 0.9417 0.4097 1.2765 0.9789
unseen_class_acc=  0.6393271634355188
65 -1.1893 0.8969 0.4127 1.2525 0.9777
unseen_class_acc=  0.6237380869686604
66 -1.2650 0.8099 0.4124 1.3412 1.1163
unseen_class_acc=  0.6138513039797544
67 -1.2697 0.6519 0.4131 1.3208 0.8681
unseen_class_acc=  0.634472762979567
68 -1.3015 0.8274 0.4188 1.3759 0.9384
unseen_class_acc=  0.6267470091581344
69 -1.2928 0.8571 0.4229 1.3592 0.8399
unseen_class_acc=  0.6205914497375489
70 -1.3521 0.7299 0.4215 1.4164 0.7660
unseen_class_acc=  0.6341164270415902
71 -1.2674 0.8548 0.4200 1.3443 0.7887
unseen_class_acc=  0.6494926277548074
72 -1.2723 0.8740 0.4268 1.3240 0.8672
unseen_class_acc=  0.6196366563439369
73 -1.3137 0.6703 0.4275 1.4043 0.8308
unseen_class_acc=  0.6210262717679143
74 -1.2560 0.8187 0.4257 1.3186 0.7943
unseen_class_acc=  0.6246479243040085
75 -1.2076 1.0198 0.4219 1.2724 0.9634
unseen_class_acc=  0.6432516651228071
76 -1.1918 0.8273 0.4300 1.2651 0.9077
unseen_class_acc=  0.6209792628884315
77 -1.1323 0.8363 0.4284 1.1960 0.6725
unseen_class_acc=  0.6182087436318398
78 -1.1426 0.9265 0.4268 1.1933 0.9983
unseen_class_acc=  0.623371664620936
79 -1.1769 0.7543 0.4287 1.2381 0.9202
unseen_class_acc=  0.6357153508812189
80 -1.2281 0.9487 0.4375 1.2921 0.6456
unseen_class_acc=  0.6185193684883415
81 -1.2350 1.0753 0.4395 1.3087 0.9742
unseen_class_acc=  0.6350862801074981
82 -1.3092 1.0311 0.4387 1.3851 0.9014
unseen_class_acc=  0.631044595874846
83 -1.1972 1.1629 0.4424 1.2575 0.9296
unseen_class_acc=  0.6257641062140464
84 -1.2879 1.1004 0.4408 1.3637 0.8153
unseen_class_acc=  0.6443879198282957
85 -1.1799 1.1998 0.4404 1.2435 0.6494
unseen_class_acc=  0.6364357326179743
86 -1.3264 0.9981 0.4463 1.4084 0.7881
unseen_class_acc=  0.6239649441093207
87 -1.1816 0.8680 0.4454 1.2353 0.7161
unseen_class_acc=  0.6524416998028755
88 -1.1560 0.7248 0.4466 1.2061 0.9432
unseen_class_acc=  0.6240335652604699
89 -1.2899 1.3156 0.4501 1.3856 0.4773
unseen_class_acc=  0.6230205819010735
90 -1.0890 1.2030 0.4509 1.1471 0.5635
unseen_class_acc=  0.6137650426477194
91 -1.1480 0.8878 0.4466 1.1979 0.7612
unseen_class_acc=  0.6433100443333387
92 -1.3349 1.1852 0.4512 1.3982 0.7335
unseen_class_acc=  0.6154625520110131
93 -1.1725 1.1432 0.4508 1.2231 0.5187
unseen_class_acc=  0.6239463929086924
94 -1.1600 1.1576 0.4504 1.2309 0.5073
unseen_class_acc=  0.6279200162738562
95 -1.2646 0.8750 0.4503 1.3348 0.7182
unseen_class_acc=  0.6118784651160241
96 -1.1928 1.2095 0.4511 1.2542 0.7555
unseen_class_acc=  0.6330794762820006
97 -1.2046 0.9061 0.4521 1.2602 0.4905
unseen_class_acc=  0.6238373074680567
98 -1.2549 0.8096 0.4554 1.3201 0.5376
unseen_class_acc=  0.6426237458363175
99 -1.1680 1.3708 0.4592 1.2383 0.9283
unseen_class_acc=  0.6205939810723067
