Namespace(attSize=1024, batch_size=64, beta1=0.5, class_embedding='att', classifier_lr=0.001, cls_weight=0.1, critic_iter=5, cuda=True, dataroot='/data0/docker/xingyun/f_xGAN/data', dataset='FLO', drop_rate=0.4, gzsl=False, image_embedding='res101', lambda1=10.0, lr=0.0001, manualSeed=806, matdataset=True, nclass_all=200, ndh=4096, nepoch=100, netD='', netD_name='MLP_CRITIC', netG='', netG_name='MLP_G', ngh=4096, ngpu=1, nrh=4096, nrh1=1024, nrh2=512, nrh3=312, nrh4=156, nz=1024, outf='./checkpoint/', outname='flowers', preprocessing=True, pretrain_classifier='', print_every=1, r_iteration=3, r_path='/home/xingyun/docker/cycle_clsgan/r_param/', r_weight=1, resSize=2048, save_every=100, standardization=False, start_epoch=0, syn_num=300, val_every=1, validation=False, workers=2)
Random Seed:  806
# of training samples:  5631
MLP_G(
  (fc1): Linear(in_features=2048, out_features=4096)
  (fc2): Linear(in_features=4096, out_features=2048)
  (lrelu): LeakyReLU(0.2, inplace)
  (relu): ReLU(inplace)
)
MLP_CRITIC(
  (fc1): Linear(in_features=3072, out_features=4096)
  (fc2): Linear(in_features=4096, out_features=1)
  (lrelu): LeakyReLU(0.2, inplace)
)
MLP_1HL_Dropout_R(
  (fc1): Linear(in_features=2048, out_features=4096)
  (fc2): Linear(in_features=4096, out_features=1024)
  (lrelu): LeakyReLU(0.2, inplace)
  (relu): ReLU(inplace)
  (dropout): Dropout(p=0.4)
)
epoch lossG lossD lossR wDistance c_errG acc
0 -2.3983 -0.8845 0.0000 2.4896 4.9094
unseen_class_acc=  0.18998041874729096
1 -2.6947 -0.7555 0.0000 2.8442 4.3357
unseen_class_acc=  0.20146958297118545
2 -2.9310 -0.7042 0.0000 3.1043 4.0503
unseen_class_acc=  0.24759225090965628
3 -3.0830 -0.5324 0.0000 3.2906 3.9254
unseen_class_acc=  0.29054618841037155
4 -3.0460 -0.2989 0.0000 3.2440 3.6431
unseen_class_acc=  0.32294907635077835
5 -3.0874 -0.1914 0.0000 3.2946 3.5334
unseen_class_acc=  0.3989356361329556
6 -2.9280 0.1055 0.0000 3.1072 3.5267
unseen_class_acc=  0.4015855516307056
7 -2.9561 0.3174 0.0000 3.1164 3.3437
unseen_class_acc=  0.38144625891000034
8 -2.8985 0.4221 0.0000 3.0846 2.8801
unseen_class_acc=  0.4394245103467256
9 -2.7133 0.6737 0.0000 2.8865 2.8942
unseen_class_acc=  0.42497290824539957
10 -2.7735 0.7512 0.0000 2.9321 2.5241
unseen_class_acc=  0.4238676393404603
11 -2.7055 0.9226 0.0000 2.8648 2.5260
unseen_class_acc=  0.45326339080929756
12 -2.6520 1.1904 0.0000 2.7883 2.9952
unseen_class_acc=  0.4487357627600431
13 -2.4244 1.3593 0.0000 2.5813 2.0548
unseen_class_acc=  0.4362996269017458
14 -2.4343 1.5782 0.0000 2.5534 2.2279
unseen_class_acc=  0.46835718117654324
15 -2.4089 1.7705 0.0000 2.5408 2.0571
unseen_class_acc=  0.4745781425386667
16 -2.2559 1.9235 0.0000 2.3651 2.4766
unseen_class_acc=  0.45433597043156626
17 -2.3821 1.9591 0.0000 2.5357 2.2838
unseen_class_acc=  0.4911821119487286
18 -2.2499 2.1256 0.0000 2.3838 2.2013
unseen_class_acc=  0.5095142826437951
19 -2.1266 2.1728 0.0000 2.2333 2.1119
unseen_class_acc=  0.5215830057859421
20 -2.1623 2.1692 0.0000 2.2449 1.7692
unseen_class_acc=  0.5197513327002525
21 -2.0236 2.2010 0.0000 2.1381 1.9634
unseen_class_acc=  0.5432592436671257
22 -1.9308 2.1912 0.0000 2.0466 1.8928
unseen_class_acc=  0.5250654458999634
23 -1.9736 2.1300 0.0000 2.0575 1.6194
unseen_class_acc=  0.5402129996567965
24 -1.8744 2.0600 0.0000 1.9625 1.7293
unseen_class_acc=  0.5576198518276214
25 -1.9114 2.0415 0.0000 1.9894 1.9074
unseen_class_acc=  0.5517878614366054
26 -1.9297 1.9577 0.0000 2.0318 1.8250
unseen_class_acc=  0.5633366569876671
27 -1.7027 1.8490 0.0000 1.8034 1.2002
unseen_class_acc=  0.5453401581384242
28 -1.7935 1.6979 0.0000 1.8855 1.3364
unseen_class_acc=  0.5512569386512041
29 -1.6961 1.7803 0.0000 1.7974 1.5857
unseen_class_acc=  0.5473474390804768
30 -1.6717 1.5423 0.0000 1.7539 1.3658
unseen_class_acc=  0.5549669929780066
31 -1.7101 1.5344 0.0000 1.7998 1.5455
unseen_class_acc=  0.5601561818271875
32 -1.7254 1.4377 0.0000 1.8180 1.3348
unseen_class_acc=  0.5598046885803342
33 -1.5401 1.3802 0.0000 1.6092 1.4424
unseen_class_acc=  0.5837732687592506
34 -1.6174 1.2822 0.0000 1.7067 1.6068
unseen_class_acc=  0.5744347730651498
35 -1.5164 0.9630 0.0000 1.6082 1.4623
unseen_class_acc=  0.5819659803062678
36 -1.5546 1.1889 0.0000 1.6264 1.3082
unseen_class_acc=  0.5783463556319475
37 -1.4447 0.9470 0.0000 1.5220 1.3139
unseen_class_acc=  0.5645836926996708
38 -1.4518 1.2273 0.0000 1.5353 1.4756
unseen_class_acc=  0.5955352999269963
39 -1.3399 0.7905 0.0000 1.4153 1.1906
unseen_class_acc=  0.5650596283376217
40 -1.4101 0.8035 0.0000 1.4916 1.6803
unseen_class_acc=  0.6080950651317835
41 -1.5265 0.7584 0.0000 1.5972 1.1397
unseen_class_acc=  0.596061960235238
42 -1.3360 0.8015 0.0000 1.4210 1.2063
unseen_class_acc=  0.5924875568598509
43 -1.3092 0.7075 0.0000 1.3856 1.3127
unseen_class_acc=  0.5921929217875004
44 -1.2385 0.8584 0.0000 1.3201 1.4510
unseen_class_acc=  0.5865352332592011
45 -1.3245 0.4689 0.0000 1.4041 1.1584
unseen_class_acc=  0.6057366374880075
46 -1.4375 0.6513 0.0000 1.5146 1.1837
unseen_class_acc=  0.5950774639844895
47 -1.2668 0.7204 0.0000 1.3396 1.2732
unseen_class_acc=  0.5858167916536331
48 -1.2845 0.6104 0.0000 1.3610 1.1688
unseen_class_acc=  0.5966904260218143
49 -1.2622 0.5073 0.0000 1.3333 1.4041
unseen_class_acc=  0.5984301306307316
50 -1.3072 0.4422 0.0000 1.3778 1.1257
unseen_class_acc=  0.6129920620471239
51 -1.2670 0.5823 0.0000 1.3335 1.2140
unseen_class_acc=  0.5940692976117135
52 -1.2995 0.7908 0.0000 1.3985 1.0357
unseen_class_acc=  0.622184194624424
53 -1.2965 0.6559 0.0000 1.3586 1.1272
unseen_class_acc=  0.6137193620204926
54 -1.1872 0.4996 0.0000 1.2526 1.2935
unseen_class_acc=  0.5959788085892797
55 -1.3773 0.5489 0.0000 1.4671 1.0877
unseen_class_acc=  0.5940634265542031
56 -1.2056 0.7085 0.0000 1.2731 1.1803
unseen_class_acc=  0.6087777541950345
57 -1.3072 0.6079 0.0000 1.3832 1.1533
unseen_class_acc=  0.6087783271446824
58 -1.3369 0.4559 0.0000 1.4247 1.0137
unseen_class_acc=  0.6217363309115171
59 -1.3887 0.6757 0.0000 1.4690 1.2383
unseen_class_acc=  0.5996350456029177
60 -1.3459 0.5085 0.0000 1.4276 1.0588
unseen_class_acc=  0.6147414272651076
61 -1.3109 0.7438 0.0000 1.3841 1.1714
unseen_class_acc=  0.620085010305047
62 -1.1538 0.6333 0.0000 1.2250 1.0537
unseen_class_acc=  0.5958330044522882
63 -1.4272 0.5488 0.0000 1.5277 1.0041
unseen_class_acc=  0.6186502078548074
64 -1.2120 0.5826 0.0000 1.2717 1.0898
unseen_class_acc=  0.6442367309704423
65 -1.1865 0.5516 0.0000 1.2596 0.9659
unseen_class_acc=  0.6245191052556038
66 -1.2656 0.5391 0.0000 1.3314 1.1820
unseen_class_acc=  0.6187769833952188
67 -1.2381 0.4343 0.0000 1.2964 0.8857
unseen_class_acc=  0.6339255397208035
68 -1.2408 0.6022 0.0000 1.3231 0.9966
unseen_class_acc=  0.6392091151326895
69 -1.2802 0.7563 0.0000 1.3662 0.8205
unseen_class_acc=  0.6166160251945257
70 -1.3593 0.5888 0.0000 1.4172 0.7782
unseen_class_acc=  0.6301185172051191
71 -1.2307 0.5277 0.0000 1.3021 0.8714
unseen_class_acc=  0.649133313074708
72 -1.2232 0.5442 0.0000 1.2929 0.9699
unseen_class_acc=  0.6341939905658365
73 -1.2606 0.3844 0.0000 1.3458 0.7653
unseen_class_acc=  0.6395335536450147
74 -1.2419 0.5562 0.0000 1.3078 0.7631
unseen_class_acc=  0.6246963974088431
75 -1.1867 0.6599 0.0000 1.2468 0.9252
unseen_class_acc=  0.6359743343666195
76 -1.1871 0.4855 0.0000 1.2615 0.7337
unseen_class_acc=  0.6202390365302562
77 -1.1448 0.4926 0.0000 1.2070 0.8198
unseen_class_acc=  0.6165263678878545
78 -1.1427 0.7706 0.0000 1.2017 1.1748
unseen_class_acc=  0.6304642932489515
79 -1.1522 0.5832 0.0000 1.2294 0.9058
unseen_class_acc=  0.6220051944255829
80 -1.2223 0.7472 0.0000 1.2886 0.7634
unseen_class_acc=  0.6365504488348961
81 -1.2295 0.6746 0.0000 1.2997 1.0878
unseen_class_acc=  0.6196222171187401
82 -1.3436 0.7123 0.0000 1.4296 0.9663
unseen_class_acc=  0.6353594768792391
83 -1.1788 0.6066 0.0000 1.2424 1.0699
unseen_class_acc=  0.6152773931622505
84 -1.2835 0.7213 0.0000 1.3512 0.8757
unseen_class_acc=  0.6361328687518835
85 -1.1717 0.8779 0.0000 1.2356 0.7940
unseen_class_acc=  0.6253748465329408
86 -1.3086 0.4696 0.0000 1.3972 0.9599
unseen_class_acc=  0.639430382847786
87 -1.1428 0.5084 0.0000 1.2172 0.7298
unseen_class_acc=  0.6405748933553695
88 -1.1554 0.2413 0.0000 1.2108 0.8498
unseen_class_acc=  0.6255530351772904
89 -1.2838 1.0545 0.0000 1.3603 0.4618
unseen_class_acc=  0.6233727965503931
90 -1.1155 0.9240 0.0000 1.1708 0.4943
unseen_class_acc=  0.6073272813111543
91 -1.1223 0.4840 0.0000 1.1725 0.7810
unseen_class_acc=  0.6340941056609154
92 -1.3262 1.0189 0.0000 1.4004 0.7523
unseen_class_acc=  0.5963415186852217
93 -1.1694 0.8390 0.0000 1.2304 0.5203
unseen_class_acc=  0.6213039752095938
94 -1.1668 0.7564 0.0000 1.2451 0.6561
unseen_class_acc=  0.6230615492910146
95 -1.2523 0.4300 0.0000 1.3255 0.8376
unseen_class_acc=  0.6039932932704687
96 -1.1611 0.7718 0.0000 1.2274 0.7572
unseen_class_acc=  0.6241854544728994
97 -1.1947 0.5874 0.0000 1.2532 0.6150
unseen_class_acc=  0.6335736330598593
98 -1.2267 0.3458 0.0000 1.2913 0.6374
unseen_class_acc=  0.6522805394604803
99 -1.1881 1.0000 0.0000 1.2587 1.0541
unseen_class_acc=  0.6293365847319364
