Namespace(attSize=1024, batch_size=64, beta1=0.5, class_embedding='att', classifier_lr=0.001, cls_weight=0.1, critic_iter=5, cuda=True, dataroot='/data0/docker/xingyun/f_xGAN/data', dataset='FLO', drop_rate=0.6, gzsl=False, image_embedding='res101', lambda1=10.0, lr=0.0001, manualSeed=806, matdataset=True, nclass_all=200, ndh=4096, nepoch=100, netD='', netD_name='MLP_CRITIC', netG='', netG_name='MLP_G', ngh=4096, ngpu=1, nrh=4096, nrh1=1024, nrh2=512, nrh3=312, nrh4=156, nz=1024, outf='./checkpoint/', outname='flowers', preprocessing=True, pretrain_classifier='', print_every=1, r_iteration=3, r_path='/home/xingyun/docker/cycle_clsgan/r_param/', r_weight=1, resSize=2048, save_every=100, standardization=False, start_epoch=0, syn_num=300, val_every=1, validation=False, workers=2)
Random Seed:  806
# of training samples:  5631
MLP_G(
  (fc1): Linear(in_features=2048, out_features=4096)
  (fc2): Linear(in_features=4096, out_features=2048)
  (lrelu): LeakyReLU(0.2, inplace)
  (relu): ReLU(inplace)
)
MLP_CRITIC(
  (fc1): Linear(in_features=3072, out_features=4096)
  (fc2): Linear(in_features=4096, out_features=1)
  (lrelu): LeakyReLU(0.2, inplace)
)
MLP_1HL_Dropout_R(
  (fc1): Linear(in_features=2048, out_features=4096)
  (fc2): Linear(in_features=4096, out_features=1024)
  (lrelu): LeakyReLU(0.2, inplace)
  (relu): ReLU(inplace)
  (dropout): Dropout(p=0.6)
)
epoch lossG lossD lossR wDistance c_errG acc
0 -2.3982 -0.8844 0.0000 2.4905 4.9167
unseen_class_acc=  0.1888649021741003
1 -2.6986 -0.7656 0.0000 2.8487 4.3447
unseen_class_acc=  0.19977923668920994
2 -2.9217 -0.7111 0.0000 3.0931 4.0714
unseen_class_acc=  0.2465765788219869
3 -3.0754 -0.5259 0.0000 3.2858 3.9495
unseen_class_acc=  0.29722511833533644
4 -3.0332 -0.2777 0.0000 3.2353 3.6788
unseen_class_acc=  0.32125480799004436
5 -3.0848 -0.1706 0.0003 3.2813 3.4775
unseen_class_acc=  0.38146957969293
6 -2.9311 0.1305 0.0000 3.1056 3.4914
unseen_class_acc=  0.39075405048206446
7 -2.9497 0.3846 0.0000 3.1207 3.3600
unseen_class_acc=  0.38685712674632666
8 -2.9002 0.4743 0.0000 3.0813 2.8864
unseen_class_acc=  0.4340155994519591
9 -2.6917 0.7287 0.0000 2.8727 2.9292
unseen_class_acc=  0.4282318734098226
10 -2.7654 0.8471 0.0000 2.9242 2.4618
unseen_class_acc=  0.4151182683184743
11 -2.6989 1.0320 0.0000 2.8446 2.5223
unseen_class_acc=  0.45494217462837694
12 -2.6416 1.2763 0.0000 2.7848 2.9826
unseen_class_acc=  0.441017073020339
13 -2.4037 1.4498 0.0000 2.5548 2.0621
unseen_class_acc=  0.4412877347320318
14 -2.4224 1.6097 0.0000 2.5373 2.2493
unseen_class_acc=  0.4664970960468054
15 -2.4267 1.8020 0.0000 2.5513 2.0740
unseen_class_acc=  0.4635232347995043
16 -2.2446 1.9155 0.0000 2.3559 2.4645
unseen_class_acc=  0.4530403859913349
17 -2.3949 2.0113 0.0003 2.5459 2.3676
unseen_class_acc=  0.48796929568052294
18 -2.2562 2.0734 0.0000 2.3875 2.1517
unseen_class_acc=  0.5094607107341289
19 -2.1304 2.0797 0.0005 2.2402 2.1586
unseen_class_acc=  0.5224600568413734
20 -2.1555 2.0740 -0.0002 2.2378 1.7221
unseen_class_acc=  0.5171990543603897
21 -2.0243 2.0503 0.0000 2.1360 1.9814
unseen_class_acc=  0.5456475667655468
22 -1.9576 2.0622 0.0000 2.0691 1.9243
unseen_class_acc=  0.5220796328037978
23 -1.9484 1.9936 0.0000 2.0293 1.6137
unseen_class_acc=  0.5448939297348261
24 -1.8653 1.9179 0.0000 1.9540 1.7611
unseen_class_acc=  0.559726820141077
25 -1.9057 1.8935 0.0000 1.9847 2.0008
unseen_class_acc=  0.5444992367178202
26 -1.9061 1.8412 0.0000 2.0160 1.7715
unseen_class_acc=  0.5634871143847704
27 -1.6870 1.7958 0.0000 1.7853 1.1871
unseen_class_acc=  0.5570171670988202
28 -1.8059 1.7075 0.0004 1.8947 1.3661
unseen_class_acc=  0.5524059165269136
29 -1.6958 1.7215 0.0000 1.8004 1.5897
unseen_class_acc=  0.550309383124113
30 -1.6942 1.5114 0.0000 1.7791 1.3449
unseen_class_acc=  0.5604830422438681
31 -1.6964 1.5829 0.0000 1.7863 1.6475
unseen_class_acc=  0.5621606331318617
32 -1.7256 1.5114 0.0000 1.8261 1.3018
unseen_class_acc=  0.5664053272455931
33 -1.5627 1.4422 0.0000 1.6293 1.4513
unseen_class_acc=  0.5751518525183201
34 -1.6346 1.4032 0.0000 1.7198 1.5973
unseen_class_acc=  0.5839945148676634
35 -1.5035 1.1445 0.0000 1.5973 1.5606
unseen_class_acc=  0.5866599503904582
36 -1.5534 1.3911 0.0000 1.6144 1.3249
unseen_class_acc=  0.5744062532670796
37 -1.4562 1.0696 0.0000 1.5366 1.3313
unseen_class_acc=  0.5639885221607983
38 -1.4392 1.3141 0.0000 1.5207 1.3953
unseen_class_acc=  0.5979262750595808
39 -1.3554 0.9287 0.0000 1.4321 1.1664
unseen_class_acc=  0.5726013205945492
40 -1.4539 0.9462 0.0035 1.5228 1.7929
unseen_class_acc=  0.606317762658
41 -1.5442 0.9402 0.0042 1.6202 1.2129
unseen_class_acc=  0.6014251474291086
42 -1.3366 1.0838 0.0037 1.4129 1.3164
unseen_class_acc=  0.5830700781196356
43 -1.3271 0.9233 0.0040 1.3946 1.2596
unseen_class_acc=  0.5778963934630156
44 -1.2443 0.9602 0.0532 1.3286 1.4554
unseen_class_acc=  0.5773113638162612
45 -1.3471 0.6816 0.2984 1.4268 1.2689
unseen_class_acc=  0.5967989850789308
46 -1.4124 0.8143 0.3106 1.4891 1.1857
unseen_class_acc=  0.6018164172768593
47 -1.3029 0.9314 0.3290 1.3851 1.1457
unseen_class_acc=  0.5851039104163647
48 -1.2785 0.6938 0.3303 1.3644 1.0398
unseen_class_acc=  0.6021497387439012
49 -1.2715 0.5788 0.3352 1.3454 1.4887
unseen_class_acc=  0.5922237902879715
50 -1.3496 0.6813 0.3427 1.4213 1.0850
unseen_class_acc=  0.6108796512708068
51 -1.2909 0.7437 0.3432 1.3440 1.0202
unseen_class_acc=  0.5905424609780312
52 -1.3121 0.9649 0.3489 1.4115 0.9947
unseen_class_acc=  0.6174456864595413
53 -1.3113 0.9127 0.3540 1.3712 0.9670
unseen_class_acc=  0.6159918233752251
54 -1.1973 0.6693 0.3502 1.2682 1.1972
unseen_class_acc=  0.5956400753930211
55 -1.3670 0.7581 0.3536 1.4385 1.1195
unseen_class_acc=  0.599711911380291
56 -1.2038 0.8719 0.3553 1.2813 1.0356
unseen_class_acc=  0.6079582745209337
57 -1.3544 0.6498 0.3539 1.4283 0.9944
unseen_class_acc=  0.6133304446935653
58 -1.3602 0.6605 0.3574 1.4316 0.9119
unseen_class_acc=  0.6264272067695856
59 -1.4330 0.8764 0.3576 1.5229 1.1847
unseen_class_acc=  0.5862173471599817
60 -1.3296 0.6378 0.3609 1.4260 0.9752
unseen_class_acc=  0.618638687953353
61 -1.3068 0.9119 0.3619 1.3811 0.9715
unseen_class_acc=  0.6186667758971452
62 -1.1450 0.8805 0.3644 1.2187 0.9924
unseen_class_acc=  0.6011707875877619
63 -1.4368 0.7725 0.3661 1.5410 0.9657
unseen_class_acc=  0.621562028862536
64 -1.1841 0.7297 0.3664 1.2416 1.0010
unseen_class_acc=  0.6456718483939767
65 -1.1942 0.8533 0.3725 1.2698 0.8830
unseen_class_acc=  0.6216819293797016
66 -1.3063 0.7819 0.3724 1.3794 0.9198
unseen_class_acc=  0.62079734839499
67 -1.2616 0.7937 0.3732 1.3268 0.7974
unseen_class_acc=  0.6282395491376519
68 -1.2753 0.9392 0.3788 1.3521 0.9219
unseen_class_acc=  0.6251475129276514
69 -1.3121 0.9513 0.3816 1.3829 0.8182
unseen_class_acc=  0.6188312318176031
70 -1.3541 0.8237 0.3822 1.4281 0.8069
unseen_class_acc=  0.6226136881858111
71 -1.2791 0.8609 0.3799 1.3451 0.8231
unseen_class_acc=  0.6410442136228085
72 -1.2484 0.9560 0.3846 1.3143 1.0034
unseen_class_acc=  0.634620893932879
73 -1.3171 0.7034 0.3867 1.4066 0.7700
unseen_class_acc=  0.6169776067137718
74 -1.2475 0.8705 0.3890 1.3158 0.7270
unseen_class_acc=  0.6213521346449852
75 -1.1972 1.0950 0.3878 1.2697 0.8907
unseen_class_acc=  0.6256376462057233
76 -1.1902 0.8454 0.3905 1.2508 0.7353
unseen_class_acc=  0.6210614757612347
77 -1.1409 0.8881 0.3939 1.1976 0.7882
unseen_class_acc=  0.6174335714429617
78 -1.1560 1.0054 0.3911 1.2220 1.1785
unseen_class_acc=  0.6294626133516431
79 -1.1812 0.8764 0.3906 1.2477 0.8192
unseen_class_acc=  0.6331500116735697
80 -1.2462 0.9841 0.3954 1.3107 0.7574
unseen_class_acc=  0.6264853233471512
81 -1.2493 1.0760 0.3987 1.3215 1.0610
unseen_class_acc=  0.6331494376063347
82 -1.3255 1.0750 0.3980 1.3961 0.8505
unseen_class_acc=  0.6253054577857255
83 -1.2347 1.2743 0.4016 1.3072 1.0033
unseen_class_acc=  0.6209005678072572
84 -1.2724 1.1993 0.4000 1.3421 0.7997
unseen_class_acc=  0.6380968909710646
85 -1.2118 1.3748 0.4017 1.2712 0.7128
unseen_class_acc=  0.6465464472770691
86 -1.3075 0.9713 0.4048 1.3817 0.8940
unseen_class_acc=  0.64785395860672
87 -1.1733 0.8899 0.4034 1.2332 0.6248
unseen_class_acc=  0.6531809905543924
88 -1.2078 0.7801 0.4029 1.2563 0.8723
unseen_class_acc=  0.6247706447727979
89 -1.2535 1.4979 0.4072 1.3434 0.5191
unseen_class_acc=  0.633738686516881
90 -1.1175 1.4384 0.4089 1.1625 0.5784
unseen_class_acc=  0.6200268875807524
91 -1.1131 0.9754 0.4085 1.1670 0.6962
unseen_class_acc=  0.6354563124477863
92 -1.3274 1.3722 0.4131 1.3919 0.6574
unseen_class_acc=  0.6041707675904036
93 -1.1835 1.2872 0.4101 1.2469 0.4884
unseen_class_acc=  0.6271376579999923
94 -1.1763 1.2961 0.4104 1.2522 0.5425
unseen_class_acc=  0.619371647760272
95 -1.2254 0.9153 0.4115 1.3029 0.6837
unseen_class_acc=  0.6018790025264025
96 -1.1916 1.3447 0.4126 1.2534 0.7647
unseen_class_acc=  0.6181445132941008
97 -1.2187 1.0580 0.4136 1.2699 0.5062
unseen_class_acc=  0.6210291508585215
98 -1.2218 0.9243 0.4122 1.2740 0.5204
unseen_class_acc=  0.6526794899255037
99 -1.1918 1.5520 0.4167 1.2534 0.9779
unseen_class_acc=  0.6371292036026717
