Namespace(attSize=1024, batch_size=64, beta1=0.5, class_embedding='att', classifier_lr=0.001, cls_weight=0.1, critic_iter=5, cuda=True, dataroot='/data0/docker/xingyun/f_xGAN/data', dataset='FLO', drop_rate=0.5, gzsl=False, image_embedding='res101', lambda1=10.0, lr=0.0001, manualSeed=806, matdataset=True, nclass_all=200, ndh=4096, nepoch=100, netD='', netD_name='MLP_CRITIC', netG='', netG_name='MLP_G', ngh=4096, ngpu=1, nrh=4096, nrh1=1024, nrh2=512, nrh3=312, nrh4=156, nz=1024, outf='./checkpoint/', outname='flowers', preprocessing=True, pretrain_classifier='', print_every=1, r_iteration=3, r_path='/home/xingyun/docker/cycle_clsgan/r_param/', r_weight=1, resSize=2048, save_every=100, standardization=False, start_epoch=0, syn_num=300, val_every=1, validation=False, workers=2)
Random Seed:  806
# of training samples:  5631
MLP_G(
  (fc1): Linear(in_features=2048, out_features=4096)
  (fc2): Linear(in_features=4096, out_features=2048)
  (lrelu): LeakyReLU(0.2, inplace)
  (relu): ReLU(inplace)
)
MLP_CRITIC(
  (fc1): Linear(in_features=3072, out_features=4096)
  (fc2): Linear(in_features=4096, out_features=1)
  (lrelu): LeakyReLU(0.2, inplace)
)
MLP_1HL_Dropout_R(
  (fc1): Linear(in_features=2048, out_features=4096)
  (fc2): Linear(in_features=4096, out_features=1024)
  (lrelu): LeakyReLU(0.2, inplace)
  (relu): ReLU(inplace)
  (dropout): Dropout(p=0.5)
)
epoch lossG lossD lossR wDistance c_errG acc
0 -2.3978 -0.8859 0.0000 2.4894 4.9112
unseen_class_acc=  0.19025285481475293
1 -2.6976 -0.7589 0.0000 2.8456 4.3407
unseen_class_acc=  0.1996177738532424
2 -2.9221 -0.7064 0.0000 3.0919 4.0547
unseen_class_acc=  0.24692102400586008
3 -3.0829 -0.5025 0.0000 3.2918 3.9273
unseen_class_acc=  0.2912309577688575
4 -3.0336 -0.3011 0.0000 3.2323 3.6634
unseen_class_acc=  0.31837527807801963
5 -3.0885 -0.1929 0.0000 3.2882 3.5111
unseen_class_acc=  0.3914269195869565
6 -2.9193 0.1086 0.0000 3.0965 3.5030
unseen_class_acc=  0.4032171813771129
7 -2.9525 0.3291 0.0000 3.1155 3.3544
unseen_class_acc=  0.38276602830737827
8 -2.9025 0.4303 0.0000 3.0881 2.8991
unseen_class_acc=  0.43921756092458963
9 -2.7052 0.6813 0.0000 2.8790 2.8828
unseen_class_acc=  0.42929992903955283
10 -2.7551 0.7921 0.0000 2.9094 2.5082
unseen_class_acc=  0.41933714840561154
11 -2.6985 0.9197 0.0000 2.8553 2.5005
unseen_class_acc=  0.45194428600370884
12 -2.6468 1.2124 0.0000 2.7880 2.9493
unseen_class_acc=  0.44849485270678996
13 -2.4017 1.3674 0.0000 2.5569 2.0710
unseen_class_acc=  0.4380769092589617
14 -2.4408 1.5681 0.0000 2.5527 2.1556
unseen_class_acc=  0.4700445156544447
15 -2.4196 1.7609 0.0000 2.5554 2.1042
unseen_class_acc=  0.4723423596471548
16 -2.2371 1.8564 0.0000 2.3470 2.4528
unseen_class_acc=  0.45916845723986627
17 -2.3909 1.9795 0.0000 2.5409 2.3329
unseen_class_acc=  0.499433633685112
18 -2.2479 2.0852 0.0000 2.3772 2.1678
unseen_class_acc=  0.5084554970264434
19 -2.1252 2.0247 0.0000 2.2310 2.0787
unseen_class_acc=  0.5156941846013069
20 -2.1630 2.0610 0.0000 2.2429 1.7853
unseen_class_acc=  0.5207383245229721
21 -2.0213 2.1151 0.0000 2.1335 1.9389
unseen_class_acc=  0.5493271209299564
22 -1.9440 2.1017 0.0000 2.0545 1.9155
unseen_class_acc=  0.528309577703476
23 -1.9579 2.0380 0.0000 2.0358 1.5971
unseen_class_acc=  0.5412954818457365
24 -1.8685 1.9550 0.0000 1.9578 1.7943
unseen_class_acc=  0.5670139968395234
25 -1.8960 1.9652 0.0000 1.9774 2.0049
unseen_class_acc=  0.5426018457859755
26 -1.9156 1.9456 0.0000 2.0294 1.7120
unseen_class_acc=  0.5626909665763378
27 -1.6927 1.8528 0.0000 1.7878 1.2827
unseen_class_acc=  0.5416752675548195
28 -1.7854 1.8145 0.0000 1.8748 1.2823
unseen_class_acc=  0.5471914250403642
29 -1.6795 1.8283 0.0000 1.7778 1.6297
unseen_class_acc=  0.5518384359776973
30 -1.6793 1.5717 0.0000 1.7606 1.3420
unseen_class_acc=  0.5527425358071923
31 -1.7076 1.6313 0.0000 1.7927 1.5753
unseen_class_acc=  0.5427279349416494
32 -1.6949 1.6254 0.0000 1.7972 1.3100
unseen_class_acc=  0.5475085126236081
33 -1.5475 1.6072 0.0000 1.6108 1.4399
unseen_class_acc=  0.5730016760528087
34 -1.6187 1.5373 0.0000 1.7152 1.5452
unseen_class_acc=  0.5732780631631613
35 -1.4807 1.2279 0.0000 1.5729 1.5777
unseen_class_acc=  0.5783331092447043
36 -1.5419 1.4979 0.0000 1.6067 1.2541
unseen_class_acc=  0.5705878970213234
37 -1.4579 1.1862 0.0000 1.5364 1.2728
unseen_class_acc=  0.5565481960773468
38 -1.4290 1.4427 0.0000 1.5115 1.4909
unseen_class_acc=  0.5977387893944979
39 -1.3405 1.0009 0.0000 1.4173 1.1555
unseen_class_acc=  0.5727282904088498
40 -1.4288 1.0016 0.0000 1.4982 1.7406
unseen_class_acc=  0.6047801189124584
41 -1.5108 1.0126 0.0000 1.5819 1.1922
unseen_class_acc=  0.5899409554898739
42 -1.3235 1.1459 0.0000 1.4073 1.2540
unseen_class_acc=  0.5893270120024681
43 -1.3272 1.0502 0.0000 1.3970 1.2634
unseen_class_acc=  0.5824853707104921
44 -1.2320 1.1752 0.0000 1.3235 1.4466
unseen_class_acc=  0.5847699090838432
45 -1.3359 0.7658 0.0000 1.4166 1.1512
unseen_class_acc=  0.6063515167683363
46 -1.4449 0.9718 0.0000 1.5132 1.1873
unseen_class_acc=  0.6060948640108108
47 -1.3062 1.0618 0.0000 1.3813 1.3250
unseen_class_acc=  0.5956941593438387
48 -1.2846 0.8960 0.0000 1.3619 1.1582
unseen_class_acc=  0.6037528861314059
49 -1.2782 0.7808 0.0000 1.3551 1.4264
unseen_class_acc=  0.5901932068169117
50 -1.3094 0.8346 0.0000 1.3770 1.0830
unseen_class_acc=  0.6169435855001211
51 -1.2604 0.9692 0.0000 1.3179 0.9873
unseen_class_acc=  0.6047640908509493
52 -1.2780 1.1912 0.0000 1.3847 1.1215
unseen_class_acc=  0.6147891141474247
53 -1.2932 1.0955 0.0000 1.3661 1.0604
unseen_class_acc=  0.6085493821650744
54 -1.1915 0.8610 0.0000 1.2533 1.3132
unseen_class_acc=  0.603758274205029
55 -1.3776 0.9987 0.0000 1.4584 1.1542
unseen_class_acc=  0.5976395741105079
56 -1.2129 1.1079 0.0000 1.2856 1.0079
unseen_class_acc=  0.6093784481287002
57 -1.3547 0.8787 0.0000 1.4242 1.1098
unseen_class_acc=  0.6133943758904934
58 -1.3682 0.8401 0.0000 1.4530 1.1821
unseen_class_acc=  0.6075584031641483
59 -1.4078 1.1251 0.0000 1.4913 1.2125
unseen_class_acc=  0.5883116893470287
60 -1.3248 1.0097 0.0000 1.4166 1.0677
unseen_class_acc=  0.6183501739054919
61 -1.2884 1.2360 0.0000 1.3603 1.1280
unseen_class_acc=  0.6080234784632921
62 -1.1778 1.2624 0.0000 1.2360 0.9960
unseen_class_acc=  0.5889019332826138
63 -1.4418 1.1353 0.0000 1.5503 1.0628
unseen_class_acc=  0.6302628362551331
64 -1.2045 1.0501 0.0000 1.2621 1.0240
unseen_class_acc=  0.64976399037987
65 -1.1992 1.2278 0.0000 1.2654 1.0343
unseen_class_acc=  0.6255801942199468
66 -1.2873 1.1630 0.0000 1.3520 1.0044
unseen_class_acc=  0.6177118420600891
67 -1.2762 1.1304 0.0000 1.3361 0.9004
unseen_class_acc=  0.6292272353544831
68 -1.2782 1.1675 0.0000 1.3532 1.0359
unseen_class_acc=  0.6269187893718481
69 -1.2788 1.2436 0.0000 1.3420 0.8423
unseen_class_acc=  0.6234516229480505
70 -1.3734 1.1605 0.0000 1.4326 0.8605
unseen_class_acc=  0.6222131151705981
71 -1.3026 1.2512 0.0000 1.3715 0.7875
unseen_class_acc=  0.6339624010026454
72 -1.2457 1.2604 0.0000 1.3201 1.0381
unseen_class_acc=  0.6230301046743989
73 -1.2699 1.1156 0.0000 1.3600 0.7735
unseen_class_acc=  0.622169503197074
74 -1.2562 1.2536 0.0000 1.3265 0.9207
unseen_class_acc=  0.6212498158216476
75 -1.1872 1.3944 0.0000 1.2422 0.9021
unseen_class_acc=  0.631618875451386
76 -1.1849 1.2705 0.0000 1.2569 0.8310
unseen_class_acc=  0.6240091534331441
77 -1.1494 1.3926 0.0000 1.2073 0.7293
unseen_class_acc=  0.6280671063810587
78 -1.1454 1.3672 0.0000 1.1966 1.0052
unseen_class_acc=  0.6303886668756604
79 -1.2142 1.2521 0.0000 1.2829 0.8342
unseen_class_acc=  0.6304619576781988
80 -1.2408 1.3947 0.0000 1.3281 0.7759
unseen_class_acc=  0.6177853848785162
81 -1.2328 1.5167 0.0000 1.3113 1.0557
unseen_class_acc=  0.627187305316329
82 -1.3180 1.4756 0.0000 1.4123 1.0111
unseen_class_acc=  0.6315442586317659
83 -1.2140 1.6456 0.0000 1.2775 1.0109
unseen_class_acc=  0.6213765691965818
84 -1.2578 1.5306 0.0000 1.3410 0.8782
unseen_class_acc=  0.6493526410311461
85 -1.1815 1.4583 0.0000 1.2419 0.7281
unseen_class_acc=  0.6269884612411261
86 -1.2909 1.2582 0.0000 1.3730 1.0323
unseen_class_acc=  0.6219693720340729
87 -1.1826 1.4433 0.0000 1.2619 0.7604
unseen_class_acc=  0.6375572606921196
88 -1.1933 1.3542 0.0000 1.2511 0.9896
unseen_class_acc=  0.6222704534418881
89 -1.2683 1.7225 0.0000 1.3638 0.6359
unseen_class_acc=  0.6131238359957933
90 -1.1293 1.6226 0.0000 1.1788 0.6610
unseen_class_acc=  0.6178289312869311
91 -1.1259 1.4604 0.0000 1.1721 0.6712
unseen_class_acc=  0.6233745224773883
92 -1.3318 1.5654 0.0000 1.4010 0.8725
unseen_class_acc=  0.5988689437508583
93 -1.1661 1.5520 0.0000 1.2198 0.4904
unseen_class_acc=  0.633118231035769
94 -1.1745 1.6504 0.0000 1.2406 0.5398
unseen_class_acc=  0.6134034980088472
95 -1.2315 1.3011 0.0000 1.3165 0.7498
unseen_class_acc=  0.5897031970322132
96 -1.2026 1.6476 0.0000 1.2622 0.8264
unseen_class_acc=  0.6312498677521944
97 -1.2195 1.4307 0.0000 1.2757 0.6127
unseen_class_acc=  0.6457290079444646
98 -1.1995 1.2655 0.0000 1.2695 0.6565
unseen_class_acc=  0.6489879736676812
99 -1.1988 1.8465 0.0000 1.2650 1.0184
unseen_class_acc=  0.6256294067949056
