Namespace(attSize=1024, batch_size=64, beta1=0.5, class_embedding='att', classifier_lr=0.001, cls_weight=0.1, critic_iter=5, cuda=True, dataroot='/data0/docker/xingyun/f_xGAN/data', dataset='FLO', drop_rate=0.7, gzsl=False, image_embedding='res101', lambda1=10.0, lr=0.0001, manualSeed=806, matdataset=True, nclass_all=200, ndh=4096, nepoch=100, netD='', netD_name='MLP_CRITIC', netG='', netG_name='MLP_G', ngh=4096, ngpu=1, nrh=4096, nrh1=1024, nrh2=512, nrh3=312, nrh4=156, nz=1024, outf='./checkpoint/', outname='flowers', preprocessing=True, pretrain_classifier='', print_every=1, r_iteration=3, r_path='/home/xingyun/docker/cycle_clsgan/r_param/', r_weight=1, resSize=2048, save_every=100, standardization=False, start_epoch=0, syn_num=300, val_every=1, validation=False, workers=2)
Random Seed:  806
# of training samples:  5631
MLP_G(
  (fc1): Linear(in_features=2048, out_features=4096)
  (fc2): Linear(in_features=4096, out_features=2048)
  (lrelu): LeakyReLU(0.2, inplace)
  (relu): ReLU(inplace)
)
MLP_CRITIC(
  (fc1): Linear(in_features=3072, out_features=4096)
  (fc2): Linear(in_features=4096, out_features=1)
  (lrelu): LeakyReLU(0.2, inplace)
)
MLP_1HL_Dropout_R(
  (fc1): Linear(in_features=2048, out_features=4096)
  (fc2): Linear(in_features=4096, out_features=1024)
  (lrelu): LeakyReLU(0.2, inplace)
  (relu): ReLU(inplace)
  (dropout): Dropout(p=0.7)
)
epoch lossG lossD lossR wDistance c_errG acc
0 -2.3983 -0.8844 0.0000 2.4904 4.9147
unseen_class_acc=  0.1905705803539604
1 -2.6934 -0.7551 0.0000 2.8406 4.3386
unseen_class_acc=  0.20275855688378214
2 -2.9202 -0.7141 0.0000 3.0915 4.0449
unseen_class_acc=  0.24916989356279373
3 -3.0779 -0.5354 0.0005 3.2852 3.9382
unseen_class_acc=  0.2940808295272291
4 -3.0343 -0.2973 0.0006 3.2313 3.6596
unseen_class_acc=  0.32420008908957243
5 -3.0941 -0.1936 0.0003 3.2991 3.4869
unseen_class_acc=  0.3819792365655303
6 -2.9227 0.0869 0.0007 3.0980 3.5177
unseen_class_acc=  0.40537324557080867
7 -2.9576 0.3452 0.0000 3.1288 3.3379
unseen_class_acc=  0.3896804703399539
8 -2.9063 0.4235 0.0021 3.0910 2.8727
unseen_class_acc=  0.4460373746231198
9 -2.7008 0.6604 0.0726 2.8781 2.8686
unseen_class_acc=  0.42433705111034214
10 -2.7670 0.7331 0.2710 2.9242 2.4994
unseen_class_acc=  0.4178273336961865
11 -2.6940 0.8930 0.3025 2.8503 2.5100
unseen_class_acc=  0.45096542276442053
12 -2.6425 1.1077 0.3125 2.7801 2.9893
unseen_class_acc=  0.4403981514275074
13 -2.4094 1.3090 0.3201 2.5622 2.0935
unseen_class_acc=  0.4408467974513769
14 -2.4321 1.5165 0.3285 2.5545 2.1196
unseen_class_acc=  0.463618191704154
15 -2.4268 1.7272 0.3350 2.5579 2.1630
unseen_class_acc=  0.4616960119456053
16 -2.2460 1.8923 0.3382 2.3554 2.4873
unseen_class_acc=  0.4438160315155983
17 -2.3872 2.0043 0.3400 2.5395 2.3109
unseen_class_acc=  0.48487141355872154
18 -2.2774 2.1288 0.3454 2.4123 2.0705
unseen_class_acc=  0.49889141246676444
19 -2.1478 2.1446 0.3470 2.2633 2.0332
unseen_class_acc=  0.5138966083526612
20 -2.1705 2.1832 0.3504 2.2498 1.6552
unseen_class_acc=  0.5150102719664573
21 -2.0335 2.2199 0.3461 2.1474 1.8515
unseen_class_acc=  0.5327151648700237
22 -1.9549 2.2284 0.3463 2.0699 1.8834
unseen_class_acc=  0.5275847859680652
23 -1.9695 2.1922 0.3529 2.0556 1.5212
unseen_class_acc=  0.5423004403710365
24 -1.8822 2.1226 0.3530 1.9759 1.6208
unseen_class_acc=  0.5514951538294554
25 -1.9137 2.1029 0.3563 1.9968 1.9169
unseen_class_acc=  0.5360704634338618
26 -1.9588 2.0258 0.3563 2.0644 1.6931
unseen_class_acc=  0.5615143734961748
27 -1.7332 2.0502 0.3566 1.8370 1.2095
unseen_class_acc=  0.5393638234585524
28 -1.8177 1.9296 0.3559 1.9119 1.3119
unseen_class_acc=  0.5486618023365736
29 -1.6924 2.0269 0.3600 1.7989 1.5192
unseen_class_acc=  0.5477417629212141
30 -1.6896 1.7432 0.3589 1.7662 1.3892
unseen_class_acc=  0.5522141540423036
31 -1.7349 1.8337 0.3562 1.8185 1.5852
unseen_class_acc=  0.5477134093642235
32 -1.7103 1.8160 0.3607 1.8162 1.3229
unseen_class_acc=  0.5548385184258222
33 -1.5535 1.8080 0.3618 1.6165 1.4368
unseen_class_acc=  0.5826779164373874
34 -1.6455 1.7344 0.3630 1.7356 1.5056
unseen_class_acc=  0.5676738571375608
35 -1.5085 1.5185 0.3639 1.6039 1.4308
unseen_class_acc=  0.5788750361651183
36 -1.5277 1.7432 0.3709 1.5990 1.2450
unseen_class_acc=  0.5698270976543427
37 -1.4653 1.4878 0.3690 1.5364 1.2312
unseen_class_acc=  0.5619481419213116
38 -1.4447 1.7311 0.3711 1.5207 1.3848
unseen_class_acc=  0.5912255428731441
39 -1.3404 1.2061 0.3750 1.4132 1.0999
unseen_class_acc=  0.5824439227581024
40 -1.4330 1.3347 0.3772 1.5089 1.5557
unseen_class_acc=  0.6023033605888486
41 -1.5407 1.2448 0.3798 1.6030 1.1584
unseen_class_acc=  0.5954427469521761
42 -1.3280 1.4136 0.3824 1.4037 1.2433
unseen_class_acc=  0.5871584285050631
43 -1.3015 1.3571 0.3799 1.3746 1.2497
unseen_class_acc=  0.5795534167438745
44 -1.2457 1.3429 0.3829 1.3164 1.4687
unseen_class_acc=  0.5868482463061809
45 -1.3184 1.0641 0.3855 1.4048 1.1563
unseen_class_acc=  0.5994220715016126
46 -1.4593 1.2618 0.3869 1.5328 1.0813
unseen_class_acc=  0.6045359667390585
47 -1.2805 1.3369 0.3898 1.3541 1.1592
unseen_class_acc=  0.5809848666191101
48 -1.2756 1.0952 0.3884 1.3464 1.0625
unseen_class_acc=  0.6081806346774101
49 -1.2705 1.0602 0.3846 1.3441 1.4544
unseen_class_acc=  0.5859308268874883
50 -1.3221 1.1092 0.3914 1.3985 0.9954
unseen_class_acc=  0.6211924469098449
51 -1.2624 1.1792 0.3892 1.3296 0.9641
unseen_class_acc=  0.6115088615566492
52 -1.2880 1.3085 0.3919 1.3867 1.0697
unseen_class_acc=  0.6189045399427414
53 -1.3044 1.4227 0.3924 1.3640 0.9989
unseen_class_acc=  0.6080252047628164
54 -1.1876 1.1652 0.3895 1.2412 1.3339
unseen_class_acc=  0.6003852026537061
55 -1.3580 1.0671 0.3943 1.4348 1.0677
unseen_class_acc=  0.5995137872174382
56 -1.2076 1.1857 0.3934 1.2838 1.0530
unseen_class_acc=  0.6081554017961025
57 -1.3200 1.1409 0.3943 1.3934 0.9714
unseen_class_acc=  0.614381979778409
58 -1.3579 1.0384 0.3941 1.4395 0.9169
unseen_class_acc=  0.6189871653914452
59 -1.3810 1.1712 0.3959 1.4795 1.1376
unseen_class_acc=  0.6057111117988825
60 -1.3418 1.0957 0.3998 1.4255 1.0242
unseen_class_acc=  0.6234567329287529
61 -1.3210 1.1795 0.3966 1.3936 1.1513
unseen_class_acc=  0.6248317994177341
62 -1.1694 1.1687 0.4003 1.2347 0.9043
unseen_class_acc=  0.5972051234915853
63 -1.4170 0.9953 0.4019 1.5175 0.8624
unseen_class_acc=  0.6133481683209538
64 -1.1984 1.1117 0.4008 1.2628 0.8808
unseen_class_acc=  0.6524285370483994
65 -1.1879 1.0260 0.4033 1.2513 0.9255
unseen_class_acc=  0.6318627078086138
66 -1.2817 1.0804 0.4032 1.3506 1.0323
unseen_class_acc=  0.614625996723771
67 -1.2563 1.0451 0.4047 1.3119 0.7502
unseen_class_acc=  0.633554812707007
68 -1.2638 1.1428 0.4069 1.3496 0.8628
unseen_class_acc=  0.6318248089402914
69 -1.2707 1.1913 0.4116 1.3356 0.8958
unseen_class_acc=  0.6310720082372427
70 -1.3483 1.1239 0.4121 1.4171 0.8055
unseen_class_acc=  0.6252866383641958
71 -1.2900 1.0550 0.4113 1.3566 0.7978
unseen_class_acc=  0.6529535699635745
72 -1.2567 1.1303 0.4134 1.3297 0.9416
unseen_class_acc=  0.6349978134036064
73 -1.3210 0.9520 0.4154 1.3958 0.6606
unseen_class_acc=  0.6294894279912114
74 -1.2758 1.0555 0.4132 1.3411 0.7259
unseen_class_acc=  0.6314863312989474
75 -1.2028 1.1915 0.4134 1.2573 0.8510
unseen_class_acc=  0.638772732205689
76 -1.1922 1.0503 0.4144 1.2645 0.7297
unseen_class_acc=  0.6281497698277235
77 -1.1402 1.0919 0.4166 1.1975 0.7997
unseen_class_acc=  0.628158352151513
78 -1.1355 1.2076 0.4149 1.1888 1.1634
unseen_class_acc=  0.6290037514641881
79 -1.1906 1.0934 0.4113 1.2611 0.7281
unseen_class_acc=  0.6305031761527061
80 -1.2410 1.2647 0.4175 1.3087 0.7536
unseen_class_acc=  0.6371150106191635
81 -1.2437 1.2936 0.4227 1.3145 1.0263
unseen_class_acc=  0.620959984883666
82 -1.3115 1.3195 0.4247 1.3900 0.8698
unseen_class_acc=  0.6423379484564066
83 -1.1922 1.3432 0.4340 1.2539 0.8519
unseen_class_acc=  0.6217938181012869
84 -1.2652 1.3150 0.4306 1.3269 0.7897
unseen_class_acc=  0.6338453557342291
85 -1.1905 1.5205 0.4391 1.2502 0.7257
unseen_class_acc=  0.6362926375120879
86 -1.3322 1.1285 0.4407 1.4094 0.9193
unseen_class_acc=  0.6409835461527109
87 -1.1457 1.1074 0.4389 1.2143 0.6376
unseen_class_acc=  0.6560492375865579
88 -1.1718 0.9777 0.4382 1.2254 0.9957
unseen_class_acc=  0.636662239767611
89 -1.2591 1.5608 0.4471 1.3466 0.5258
unseen_class_acc=  0.6304720621556044
90 -1.1190 1.4973 0.4482 1.1770 0.5410
unseen_class_acc=  0.6171931203454732
91 -1.1203 1.1187 0.4449 1.1692 0.6933
unseen_class_acc=  0.6393764905631543
92 -1.3189 1.5086 0.4507 1.3785 0.7285
unseen_class_acc=  0.6054701570421457
93 -1.1554 1.4169 0.4573 1.2092 0.4623
unseen_class_acc=  0.6273459997028112
94 -1.1371 1.4160 0.4552 1.1992 0.5629
unseen_class_acc=  0.6241464372724295
95 -1.2132 1.0568 0.4566 1.3029 0.7040
unseen_class_acc=  0.6149857684969902
96 -1.1549 1.5155 0.4594 1.2141 0.8302
unseen_class_acc=  0.6233164712786674
97 -1.2018 1.1857 0.4614 1.2578 0.5669
unseen_class_acc=  0.6144123617559671
98 -1.2149 1.0278 0.4608 1.2783 0.4924
unseen_class_acc=  0.6367576831951738
99 -1.1778 1.6609 0.4644 1.2441 0.9107
unseen_class_acc=  0.6373333420604468
